111139
86656
105350
8526
20772
20773
20774
20775
8509
8440
8528
8529
8542
8537
8540
20798
8557
20805
20808
8541
20811
8546
20814
20818
8539
20826
8522
8547
8538
19931
19935
19937
19941
19943
19945
19949
19951
19953
19955
19958
19961
19963
19965
20886
19971
19973
19975
19977
19981
19983
19985
19989
20190
20193
20196
20199
20202
20205
20208
20211
20214
20217
20220
20223
20226
20229
20232
20235
20238
20241
20244
20247
20250
20253
20256
20259
20262
20265
20268
20271
20274
20277
20280
20283
20286
20289
20292
20295
20298
20301
20304
20307
20310
20313
20316
20319
20322
20325
20328
20331
20334
20337
20340
20343
20346
20349
20352
20355
20358
20361
20364
20367
20370
20373
20376
20781
20786
20810
20817
21049
21073
55598
21085
21093
55600
21108
21124
21126
21128
21130
21133
21140
21145
21147
21155
21161
21174
21178
21180
21182
21184
21199
26451
26569
3519
27305
27306
27307
27308
27309
28880
27311
27312
27313
27314
27315
27316
27317
27318
27319
27320
27321
27322
27323
27324
27325
27326
27327
27328
27329
27330
27331
27332
27333
27334
27335
27336
27337
27338
27339
27341
27342
27343
27344
27345
27346
4413
63661
